0.11111111111111126 0.4444444444444445 -0.6666666666666666 
-1.1111111111111114 -0.4444444444444445 1.6666666666666667 
0.7777777777777779 0.11111111111111112 -0.6666666666666667 
0.19512195121951217 -0.12195121951219509 
-0.07317073170731707 0.17073170731707316 
0.5279001689626807 -0.301779426990472 -0.8201622770237025 0.23203365692137656 -0.3911024839722193 0.6989394266054857 
2.1057010058572443 -0.45157879167816306 -2.9517264900889457 0.5048691149105381 -0.4403628691261734 1.3178549153046324 
-1.625518573592506 0.42785112835189465 2.4389772404965213 -0.527570388296557 0.643626775054294 -1.2672179900203815 
-0.11793133358631955 0.14221858687470978 0.3005353042819073 -0.020378339519909985 0.10909533939366124 -0.35405222454641694 
-0.13958129391316546 -0.04168115615351246 0.053825190884234285 0.0832522864877593 -0.009062957617699633 0.10975220171348804 
-1.1975083133196656 0.6239117661529543 1.8735075256774392 -0.5152921097211994 0.2548785067770638 -0.9732515456490254 
0.0018679588745534183 0.004665533604548343 0.01617484844768707 -0.007514188577021359 0.006666885944392228 -0.016158422110176183 -0.0007200444244386937 -0.0007777782824951002 0.015213311437818084 0.007205642932867697 
-0.002901409678576556 0.0013846225330834934 -0.006597531497435926 0.0029027396800394667 -0.002016477307789137 0.0017530204233252838 -0.0007169974172433481 0.0022470570695717032 -0.009847298363999902 -0.00010946685979435954 
-0.002606148853468148 -0.00441489256044562 -0.009995449620840828 0.0006191014929969666 -0.0010276641639201391 0.009297931321110155 0.002291635738505734 0.0030456292316354988 -0.010814353971323356 -0.002246375429017673 
-0.00048582447372599353 0.008116984892490992 -0.002107204431479061 -0.0011540620480134968 0.0021154115690416244 -0.0011387630904721956 -0.004405418535682048 0.004346362752078394 -0.004316987549046724 -0.0047796818172015755 
0.0046911855647780235 -0.00193580998248309 0.007370171955105009 0.0029528061632409907 -0.003928191289544861 -0.0006751243790116108 0.00880871740304637 0.0008182518092309137 0.01055727246786028 0.0019699814572752584 
0.00013298120527847318 0.0032639298538493164 -0.004959596940716302 -0.0031149268447535185 3.709487316517059e-05 -0.0015263570825038277 -0.006391135813947144 0.003775189082109723 -0.003918587262851137 3.841931175117229e-05 
0.003174836130573481 0.004861585021705735 0.01031753905611578 -0.0036192329106657815 0.007948764645032084 -0.012097202593449421 0.003402870896810974 -0.0015045447894910125 0.014883432406353923 0.00723424914321857 
0.0010672415569292872 0.0010330038019941712 0.0030256158956734557 -0.002332063459649971 -0.0004985214698434708 0.00015550340021297957 -0.001895282049104256 -0.001277727382002315 -0.0018194786227815117 0.003123176939640563 
-0.006107199391750935 -0.0004396300368081666 -0.010189976499438317 -0.002943678496666769 -0.0008652586927208415 0.007639336424296031 -0.003587330396848275 -0.0007914857855207411 -0.008200452853730231 -0.005390153785819301 
-0.007279697812590187 0.002769650678791785 -0.003741373357203246 -0.002562196465436579 0.006786616251998461 0.0013133700970477578 -0.0067058683842505205 0.002754920682344826 -0.005754512040992851 0.004481327936955814 
-0.003962527750584588 -0.004505242063441116 0.004909773168372781 -0.001498897141786668 0.00480980476484083 -0.008052683025714555 -0.0031658212059887205 -0.0015771608111617033 -0.005283341718186086 0.00018421180463512523 -0.0057991542793488 -0.004991254848042586 0.003433408268197749 -0.003490208669001268 0.00028235929487256006 0.00017889469246461492 -0.0005646661874193816 -0.004185129826265264 -0.0030408432064044756 0.0005019007980232044 
0.010067511274926525 -0.046566383294452854 -0.020545179006373513 -0.03301988086779633 0.026233691339222955 -0.009544856791108586 -0.020469614061631072 -0.05919401374510681 -0.014731036549624071 -0.0261288267427798 0.010534719586068561 -0.06046041562410836 0.02029660394068185 -0.001077708837220395 0.0011927255003304662 -0.034134039894958584 -0.02509312707425515 -0.052466721942866536 -0.010934843273634875 -0.0009386821949954097 
0.009251885768128826 -0.004557648899765558 -0.020005570518672237 -0.016166407755348184 0.0065168567235526385 0.003119196937214805 -0.0023905044515241504 -0.010276403697037566 0.0059282914029230626 -0.0021037025230208014 0.01049386800387524 -0.018900042161554383 0.014604653985262617 -0.005063044302827337 -0.0002450944480965057 -0.016590887813819233 -0.008662606636936646 -0.010441865963339417 -0.011141406757429261 -0.012755101086922894 
0.008129509398438556 -0.011435068388366165 -0.01593766912476216 -0.01718900810384892 0.010323983904274341 0.0035723890874660305 -0.0059236450731697515 -0.02309450304371075 0.0027555772465488893 -0.009563839432241589 0.012485247157483744 -0.026659405589204585 0.013144270421407308 -0.0011717091432743173 -0.0017304893406876794 -0.01941676582296446 -0.014160096303396704 -0.018017687575930714 -0.009657407012659104 -0.004972834453415883 
0.0011729173878973194 -0.0051461088651236315 -0.006493543244509501 -0.008077023083642639 0.0017474734634262221 0.0023553864826887255 -0.0016932418322185927 -0.005844582584110383 0.00255017861693434 -0.003265916534278729 0.003989153358801442 -0.006962902916832861 0.009543668716546449 -0.0027281472517645395 -0.0029633420188489184 -0.009589013054575104 -0.008761836832157173 -0.003322557131443827 -0.003364079171624097 -0.0049469643840350675 
-0.012294483444958143 0.014371103352497784 0.01823535457838333 0.018576973440154746 -0.008778542996583493 -0.001024699699399137 0.005981560100308412 0.02694213703102807 0.0032763370124477215 0.01640400287075882 -0.00831591844981183 0.025716740731718306 -0.008021160902343871 0.0008733854954463272 -0.0010532637050289025 0.016624449423092064 0.004477147328585674 0.02165329188542751 0.003915454945551398 0.0021803314923068166 
-0.003120796980865542 -0.005484077803975056 0.004847858813803638 0.0019660751841201335 0.00010586986909639609 -0.0042103908690717985 -0.0027562975859424994 0.0015431736781525921 -0.005084957716652093 0.0014859386028390372 -0.005134194482951591 -0.0015543368826286786 0.00039869094567555934 -0.0030524783700017757 0.00032290248136596376 0.001063992116177158 0.0009546460737203046 -0.0018848704808185493 0.0008394165035670815 0.0023547727014216675 
-0.007056416803341151 0.028622991028794443 0.014067924775416855 0.02134854874021578 -0.02129860628356093 0.004311587414924778 0.011133452514458804 0.03956522924284937 0.004954461364840073 0.013453107936956483 -0.015538242914322995 0.03641951205544634 -0.01850376747591473 0.0065837857685981825 -0.0007435834704680405 0.027878787392049763 0.03358545682205765 0.032536323815538046 0.01629085146993582 0.0021634673595016924 
-0.002865504270015241 0.03904880091169629 0.00825711507587562 0.020766228646696593 -0.01575089906298538 0.011023798647458394 0.013066378783403935 0.0415814776994605 0.015027505748826718 0.019656912644646522 -0.0013889945184082937 0.037260666911904466 -0.00964365991038692 0.004486068268621242 -0.0025825521203926404 0.024200679470958015 0.015519864709330011 0.0411366555011323 0.000490563411366576 -0.005655430947588901 
0.002816102201544179 0.007423907330262295 -0.0011398079950246849 -0.00018335749475087743 -0.0033015273211433644 0.0035692993861768875 -0.001487283963448595 0.006394602076509163 0.0031790313959505576 0.0022958924955421684 -0.0010043622348405725 0.0013344581616537166 0.0009992620454025217 0.0018702504207200378 -0.002325658681347847 0.0008318509861353721 0.00408355123739762 0.00528205906272473 0.0010803840335173484 -0.006064340136540015 
-0.003912710529368783 0.012513074579098062 0.007138793205230364 0.01259943394812131 -0.007730807104451542 0.001027645865012944 0.006247806001926163 0.01628901225905854 -0.0017912700122078413 0.007633103903469078 -0.010737085040442369 0.015542486388622698 -0.013338979521508584 0.003374097278686754 0.001417178619718304 0.017627599075342427 0.01750696501453488 0.014473288466454926 0.009160323969157955 0.003877107906663116 
-0.0022937501308287977 0.022641037902150947 0.012590121065965848 0.0184560449530041 -0.011296250294013844 0.006040402779641307 0.010310580304592004 0.025827194053527527 0.01021451471509407 0.012982213243237556 -0.002362167453244312 0.026817411768641154 -0.00932933449606943 0.002686975381752659 -1.0409789942118596e-05 0.0196754675444203 0.009422030997669131 0.027557253364391993 0.002405778059784216 -0.0009428326311671939 
0.025722358283132307 -0.06809166797133906 -0.049982554161257325 -0.06717046901196383 0.043060775742889634 -0.004223879051638945 -0.030425542391736077 -0.09874789611452983 -0.014482378683527076 -0.04598619842007288 0.03259456928162522 -0.10235471616982218 0.04310898623989109 -0.006955793520231075 0.0003941103977100456 -0.07122078618305347 -0.053571109030955875 -0.08523029171585533 -0.02879537900647474 -0.011638197163261524 
0.010507992005929848 -0.02496340567601034 -0.020733928501539742 -0.026967733036601757 0.0137128708693046 -0.0003341048079273631 -0.010413643937418594 -0.03373451584225472 -0.006485762364211778 -0.015548972572370026 0.009150466447935955 -0.036454667073384586 0.013732724976393164 -0.001575643395612352 -0.00010841155033405588 -0.0234734071598272 -0.014399334321372977 -0.033178650066460806 -0.006284916556304467 -0.0005630829960492021 
0.009335248644049507 -0.024672663103581027 -0.017745559148987827 -0.02397261112738214 0.017703964035081333 -0.0036911046173380923 -0.013153183246044987 -0.03329995979572667 -0.0056394814333219695 -0.01643692338618446 0.007368477734817469 -0.03833100496612729 0.014839669019754979 -0.0029051278003815687 -0.0029749042882864637 -0.024024045560809625 -0.018332530998969507 -0.030838023091401184 -0.013623578291077569 -0.004947327650541803 
-0.014092900860353473 0.03723184713807234 0.02543607784309623 0.03450053495810154 -0.02220431689732758 0.004741557108072416 0.017066682680604878 0.047876238029386044 0.005830935555794393 0.024102674443143113 -0.013759049180349566 0.05226525247521547 -0.02160980394910371 0.005161677536299525 -0.0004980789398869154 0.03838451981476836 0.026850929210423133 0.04351788030480048 0.011248022340869747 0.00489615082728579 
-0.013136321342773235 0.025900632402475577 0.020796692836261284 0.029066591237686828 -0.0210814981397169 0.0005238968229781224 0.010071437051289527 0.03603571650526483 0.001115601673596034 0.014276438653522856 -0.017864916891341096 0.038947164484901445 -0.020831962016968453 0.005069359547513273 0.003316332857727519 0.03145172148387228 0.029208855337958937 0.028292341929067866 0.017601807533385565 0.008749707020159918 
0.0017207673195833864 -0.009944219607967939 -0.004102422866328867 -0.009383728238658452 0.008321350723262063 -0.005839452023842639 -0.0034120019386808084 -0.009707386688074516 -0.0009152388489506704 -0.0033997168203366507 0.00444766775077765 -0.016147513618368373 0.013120360332893436 -0.005101378134759013 -0.005019886283467155 -0.012224244955073715 -0.014450733156073887 -0.00864813432017795 -0.009947533125365428 -0.007365836052874544 
0.005755813581366622 -0.054685705951162907 -0.010456261354431876 -0.026696135037105346 0.02559322241316399 -0.012277361842212536 -0.019244124896746154 -0.05944682067222735 -0.022164738504856247 -0.03210180862533677 0.004315976232865285 -0.05199938392266536 0.013625460599485004 -0.00011962811608932072 0.0037644146538210366 -0.03422073516041687 -0.02606709430822316 -0.05652358454256623 -0.00018529765339663664 0.011835568559896098 
0.002827814965793389 0.009070341763114572 -0.002468786634905683 -0.0006497987084731177 -0.002000499953081188 0.0027572418709736336 0.0010420456677843932 0.0037993848056116913 0.007240940285884098 0.0017880663666574822 0.0038913734786375056 0.0005078581175021645 0.005000864114163753 0.00030555271896661487 -0.004046863495550853 -0.00414042896291259 -0.006653854415602123 0.009151307657645099 -0.009111498147112105 -0.007196594574343713 
