5
3
1 2 4
5 4 5
2 3 4
2
7 5
3 8
6
7.76027  4.45723  6.18567  6.17571  0.48394  1.36238
0.10822  2.79081  0.38516  1.93668  6.93708  3.43294
7.72066  3.90000  5.90506  5.44940  2.41826  1.42712
2.85826  1.46940  1.47534  7.63203  7.60734  0.20284
0.47990  3.71951  4.32764  0.19977  5.16372  0.25598
3.99560  4.00840  4.35538  0.14440  5.83133  2.20378
10
-80.78476  -91.94613   53.40142   18.94902  -68.08387   65.21528   62.06086   74.96532  -96.99052  -65.09188
-63.25832   65.16066  -68.10258   72.64467   68.33754  -15.54141   85.06449   99.18267   79.55273    5.98402
 60.62423  -31.08888   15.34019   56.35033    5.00872  -96.07594  -93.19072   51.57823  -46.81340   26.35967
-72.99736   15.52371  -88.25313    0.25791  -20.95236  -41.42913  -16.99705  -80.79029  -94.99535   52.83846
-37.91042  -98.25362   72.92283   42.12755  -98.69565  -63.94554   49.56209  -35.95492  -86.66102   24.79175
-72.88488  -98.13267   -7.45250   39.57109   67.12395  -19.82012    9.56867   92.50514   18.14809   65.84069
 32.80182   84.85547   83.85431   23.47482   28.87748  -62.60878   64.72771   21.41964   52.41594  -52.12860
 62.18615  -29.29992   73.24749   39.04681   79.41792   62.35839  -79.92893  -79.97517  -59.96731   54.84890
-40.13525  -50.67095  -67.00143  -26.69983   67.75472   58.47339   19.11011  -63.43085   46.59104   40.34423
-45.16621   50.76698  -22.65152  -65.48061   50.55624   57.35765   53.39287   84.45355    0.93055   49.16962
20
 -9.89346    4.22337   41.34962  -57.16674  -65.72484  -99.28219   49.21832  -57.85375  -19.01548   98.36303  -24.93926   65.30957  -80.33627   91.67763  -26.43069   22.90295  -41.30173   10.19049   46.00826   60.36754
 75.67246  -67.66756  -48.46205   58.43800  -45.48836  -29.36734  -75.93932  -84.78357    0.69535   91.81769   36.67389  -54.48101   13.02413   27.06250  -45.38753  -13.02506   66.00709   35.43388   -6.43559   13.19065
 82.00092  -69.94946  -28.29173   61.79236  -54.76168   31.21909    6.81461   69.93387  -93.48439   67.89103  -38.55949   97.88309   60.60880   -6.39520  -31.87318   46.30796  -62.26610  -16.28164   10.86677   -9.96537
-96.02541   24.08045   81.62552   66.40231  -18.80747  -70.26891   72.48015  -79.93863   35.41792   34.74044    4.75071  -39.73697  -60.45381  -85.11543   44.93276   52.21847   66.74283   42.70412   69.09248    1.71812
 85.62050  -19.08272   21.14188   78.45593   21.19590  -15.57313  -72.55174  -19.20503   56.51659   42.10151   41.49356  -43.71720  -48.92415  -93.31212   37.61131    2.84854  -88.74405  -37.71958   56.82612  -97.16517
 18.92857  -94.67762   21.48590   80.79592   79.74149   37.48087   79.00756   14.69449  -24.20485   53.13960   48.72058   68.92716   67.06077  -41.85949   75.03341   99.82952  -33.17450  -88.26717   53.37084  -53.02652
 23.46561  -86.47900   80.21436   36.18691  -25.79598   37.09427  -81.89811   63.17604  -71.01645  -62.08987   82.25806   84.00225   48.33358   39.15324  -25.23131   80.88906  -11.15859   85.27053   77.24085   25.68437
-40.49870  -93.29715   11.17381  -21.98989  -84.26520   97.61025   46.44081   90.71680   94.16884  -60.57149  -19.21478   41.99674   80.04571   21.08407   48.20970  -75.89393   47.03667   83.95151   47.43080  -70.72185
 31.47951   40.32879    6.59454   66.24012   32.67330   36.97211  -99.39097   27.73086  -72.66304  -45.78385  -54.33814   84.30482  -75.98638   -1.66334   70.70169  -92.88438   25.88749  -44.30499  -37.70744  -14.58045
 -5.33868   84.88300   48.32376   40.35155  -32.77859    4.89348   24.65325  -62.44198  -74.22779   76.23996   11.22665  -59.90629  -97.32891   66.27940  -80.40591   71.68209  -89.02022  -63.03074  -22.83868   71.29524
-84.30070   29.39105  -81.97410   19.33820  -92.34339  -15.78287   67.11409   43.95541   71.57516  -46.86090  -83.26474  -62.57719   50.17101  -43.37308  -69.21218  -27.94593  -14.12936   87.08155  -63.93661  -97.96877
 22.58411   38.52911   48.37077  -86.60525   54.22033  -68.26236  -70.57103  -46.57566  -23.25338   46.73566  -96.10814  -52.02923  -72.35546   -5.71169   40.53807   94.54537  -54.72818  -85.71039   15.36501    9.91679
 80.08492   71.20314   65.51532   14.32512   85.91748  -96.19170   20.39387  -48.49783   83.90182   39.24827  -68.63904   13.38290  -74.04842   69.90337  -63.05211   78.69071   32.08189    0.33621   78.62450   15.56250
 -6.11006   91.30103   79.19192  -64.30439  -40.61440   77.90340  -95.29601   68.62719   57.97674  -17.52303  -43.03348   -6.06272  -18.95036   59.68479  -25.20741   55.14099  -20.64163  -20.95894   79.97183   88.22445
 90.52861  -20.19345   73.75951  -91.17602  -10.51376   71.93468   -4.25680   30.41340   43.71725  -51.17465   23.35608   85.48724   96.20749  -18.61463  -74.70931  -72.40137   33.69848  -91.85699   34.22784   27.39506
-11.81533   50.02321  -67.79663  -98.50467   67.37948   -7.65008  -36.59980  -38.31553   62.79475  -36.68520   -0.44491   99.77565   23.49163   77.52362   46.21065  -53.27752   93.75416   69.10908  -65.46744  -99.48039
 34.36309   40.25823   37.00959   95.55251  -15.48649  -61.45364   56.43798   66.30673  -29.07436   -9.19230  -69.79118  -41.21358  -37.67882  -69.60315    0.32282   86.83066  -84.23001  -61.76043    6.70827   -8.58527
 12.03873   80.39517  -60.46773  -11.42076   78.85819  -36.19559   85.87892   21.59161   62.19365  -70.53798   75.57430  -43.28459  -11.29329  -57.62794  -96.17604  -80.09125  -86.23704  -52.87663  -34.25108   59.12751
-10.34560    6.31025  -56.37526   20.64988   34.26174  -15.61623  -62.02110  -66.56997   22.88532   91.16665   64.36078  -35.82415  -27.58548    4.60216  -92.69132  -97.98158   25.63213   75.66122  -18.13176  -74.71040
 31.77036   18.67833  -38.21569   93.94706  -11.26867  -48.75455   84.39944  -20.89831   59.27938  -73.73930  -28.82752  -35.68058  -85.02276   99.87303  -38.72909  -32.68855   -5.80700  -30.16337   13.42426   62.60402