0.11111111111111110 0.44444444444444442 -0.66666666666666663 
-1.11111111111111120 -0.44444444444444442 1.66666666666666650 
0.77777777777777768 0.11111111111111110 -0.66666666666666663 
0.19512195121951220 -0.12195121951219512 
-0.07317073170731708 0.17073170731707318 
0.52790016896268077 -0.30177942699047255 -0.82016227702370215 0.23203365692137679 -0.39110248397222008 0.69893942660548691 
2.10570100585726120 -0.45157879167816400 -2.95172649008894530 0.50486911491053821 -0.44036286912617445 1.31785491530463480 
-1.62551857359251460 0.42785112835189554 2.43897724049652220 -0.52757038829655734 0.64362677505429444 -1.26721799002038300 
-0.11793133358631729 0.14221858687470987 0.30053530428190761 -0.02037833951990996 0.10909533939366127 -0.35405222454641694 
-0.13958129391316823 -0.04168115615351245 0.05382519088423410 0.08325228648775930 -0.00906295761769964 0.10975220171348805 
-1.19750831331967240 0.62391176615295485 1.87350752567743980 -0.51529210972119954 0.25487850677706431 -0.97325154564902616 
0.00186795887455342 0.00466553360454845 0.01617484844768708 -0.00751418857702136 0.00666688594439224 -0.01615842211017619 -0.00072004442443869 -0.00077777828249510 0.01521331143781808 0.00720564293286771 
-0.00290140967857656 0.00138462253308349 -0.00659753149743593 0.00290273968003947 -0.00201647730778914 0.00175302042332529 -0.00071699741724335 0.00224705706957170 -0.00984729836399991 -0.00010946685979436 
-0.00260614885346815 -0.00441489256044563 -0.00999544962084083 0.00061910149299697 -0.00102766416392015 0.00929793132111016 0.00229163573850574 0.00304562923163550 -0.01081435397132336 -0.00224637542901767 
-0.00048582447372599 0.00811698489249100 -0.00210720443147907 -0.00115406204801350 0.00211541156904163 -0.00113876309047220 -0.00440541853568205 0.00434636275207840 -0.00431698754904673 -0.00477968181720158 
0.00469118556477803 -0.00193580998248310 0.00737017195510502 0.00295280616324099 -0.00392819128954485 -0.00067512437901161 0.00880871740304638 0.00081825180923091 0.01055727246786029 0.00196998145727526 
0.00013298120527848 0.00326392985384933 -0.00495959694071631 -0.00311492684475351 0.00003709487316517 -0.00152635708250383 -0.00639113581394715 0.00377518908210973 -0.00391858726285114 0.00003841931175117 
0.00317483613057348 0.00486158502170574 0.01031753905611577 -0.00361923291066578 0.00794876464503209 -0.01209720259344943 0.00340287089681097 -0.00150454478949101 0.01488343240635393 0.00723424914321859 
0.00106724155692929 0.00103300380199418 0.00302561589567346 -0.00233206345964998 -0.00049852146984347 0.00015550340021299 -0.00189528204910426 -0.00127772738200232 -0.00181947862278151 0.00312317693964056 
-0.00610719939175094 -0.00043963003680816 -0.01018997649943832 -0.00294367849666677 -0.00086525869272085 0.00763933642429603 -0.00358733039684827 -0.00079148578552074 -0.00820045285373023 -0.00539015378581931 
-0.00727969781259019 0.00276965067879180 -0.00374137335720325 -0.00256219646543657 0.00678661625199846 0.00131337009704778 -0.00670586838425052 0.00275492068234483 -0.00575451204099285 0.00448132793695581 
-0.00396252775058508 -0.00450524206344158 0.00490977316837326 -0.00149889714178771 0.00480980476484198 -0.00805268302571694 -0.00316582120598934 -0.00157716081116221 -0.00528334171818689 0.00018421180463500 -0.00579915427934953 -0.00499125484804371 0.00343340826819842 -0.00349020866900182 0.00028235929487262 0.00017889469246438 -0.00056466618741968 -0.00418512982626624 -0.00304084320640502 0.00050190079802328 
0.01006751127492753 -0.04656638329445949 -0.02054517900637655 -0.03301988086780107 0.02623369133922688 -0.00954485679111028 -0.02046961406163391 -0.05919401374511606 -0.01473103654962527 -0.02612882674278364 0.01053471958607014 -0.06046041562411716 0.02029660394068444 -0.00107770883722038 0.00119272550033080 -0.03413403989496310 -0.02509312707425838 -0.05246672194287422 -0.01093484327363609 -0.00093868219499520 
0.00925188576812969 -0.00455764889976619 -0.02000557051867489 -0.01616640775535029 0.00651685672355358 0.00311919693721511 -0.00239050445152437 -0.01027640369704009 0.00592829140292350 -0.00210370252302108 0.01049386800387652 -0.01890004216155932 0.01460465398526494 -0.00506304430282847 -0.00024509444809585 -0.01659088781382304 -0.00866260663693776 -0.01044186596334341 -0.01114140675743052 -0.01275510108692497 
0.00812950939843940 -0.01143506838836803 -0.01593766912476637 -0.01718900810385089 0.01032398390427583 0.00357238908746607 -0.00592364507317079 -0.02309450304371386 0.00275557724654503 -0.00956383943224312 0.01248524715748748 -0.02665940558920770 0.01314427042140846 -0.00117170914327460 -0.00173048934068771 -0.01941676582296624 -0.01416009630339819 -0.01801768757593286 -0.00965740701265982 -0.00497283445341610 
0.00117291738789719 -0.00514610886512580 -0.00649354324451008 -0.00807702308364379 0.00174747346342664 0.00235538648268889 -0.00169324183221889 -0.00584458258411132 0.00255017861693428 -0.00326591653427912 0.00398915335880170 -0.00696290291683375 0.00954366871654699 -0.00272814725176467 -0.00296334201884898 -0.00958901305457585 -0.00876183683215782 -0.00332255713144458 -0.00336407917162430 -0.00494696438403520 
-0.01229448344495944 0.01437110335249982 0.01823535457838570 0.01857697344015678 -0.00877854299658492 -0.00102469969939864 0.00598156010030926 0.02694213703103078 0.00327633701244857 0.01640400287076056 -0.00831591844981271 0.02571674073172209 -0.00802116090234541 0.00087338549544670 -0.00105326370502899 0.01662444942309475 0.00447714732858815 0.02165329188543104 0.00391545494555237 0.00218033149230682 
-0.00312079698086598 -0.00548407780397589 0.00484785881380374 0.00196607518412727 0.00010586986909645 -0.00421039086907171 -0.00275629758594242 0.00154317367815270 -0.00508495771665197 0.00148593860283908 -0.00513419448295154 -0.00155433688262848 0.00039869094567549 -0.00305247837000171 0.00032290248136595 0.00106399211617726 0.00095464607372038 -0.00188487048081832 0.00083941650356710 0.00235477270142161 
-0.00705641680334205 0.02862299102880087 0.01406792477541771 0.02134854874021805 -0.02129860628356286 0.00431158741492603 0.01113345251446071 0.03956522924285689 0.00495446136484152 0.01345310793695916 -0.01553824291432447 0.03641951205545255 -0.01850376747591710 0.00658378576859894 -0.00074358347046831 0.02787878739205388 0.03358545682206135 0.03253632381554386 0.01629085146993719 0.00216346735950152 
-0.00286550427001573 0.03904880091170432 0.00825711507587803 0.02076622864669285 -0.01575089906298810 0.01102379864745951 0.01306637878340588 0.04158147769947168 0.01502750574882803 0.01965691264464923 -0.00138899451840997 0.03726066691191116 -0.00964365991038898 0.00448606826862196 -0.00258255212039300 0.02420067947096207 0.01551986470933363 0.04113665550113831 0.00049056341136759 -0.00565543094758947 
0.00281610220154447 0.00742390733026336 -0.00113980799502468 -0.00018335749475065 -0.00330152732114383 0.00356929938617698 -0.00148728396344819 0.00639460207650946 0.00317903139595077 0.00229589249554264 -0.00100436223484085 0.00133445816165473 0.00099926204540205 0.00187025042072016 -0.00232565868134785 0.00083185098613616 0.00408355123739830 0.00528205906272567 0.00108038403351762 -0.00606434013653993 
-0.00391271052936927 0.01251307457909994 0.00713879320523174 0.01259943394812244 -0.00773080710445248 0.00102764586501351 0.00624780600192700 0.01628901225906222 -0.00179127001220718 0.00763310390347027 -0.01073708504044289 0.01554248638862508 -0.01333897952150992 0.00337409727868723 0.00141717861971829 0.01762759907534434 0.01750696501453692 0.01447328846645690 0.00916032396915878 0.00387710790666319 
-0.00229375013082905 0.02264103790215382 0.01259012106596752 0.01845604495300663 -0.01129625029401563 0.00604040277964183 0.01031058030459327 0.02582719405353085 0.01021451471509485 0.01298221324323954 -0.00236216745324538 0.02681741176864468 -0.00932933449607086 0.00268697538175326 -0.00001040978994225 0.01967546754442284 0.00942203099767163 0.02755725336439539 0.00240577805978515 -0.00094283263116729 
0.02572235828313560 -0.06809166797134991 -0.04998255416126424 -0.06717046901197177 0.04306077574289565 -0.00422387905164186 -0.03042554239174099 -0.09874789611454711 -0.01448237868353018 -0.04598619842007967 0.03259456928162866 -0.10235471616983632 0.04310898623989668 -0.00695579352023288 0.00039411039771056 -0.07122078618306302 -0.05357110903096426 -0.08523029171586691 -0.02879537900647776 -0.01163819716326106 
0.01050799200593118 -0.02496340567601395 -0.02073392850154213 -0.02696773303660491 0.01371287086930686 -0.00033410480792839 -0.01041364393742027 -0.03373451584225978 -0.00648576236421291 -0.01554897257237241 0.00915046644793724 -0.03645466707338925 0.01373272497639504 -0.00157564339561293 -0.00010841155033389 -0.02347340715983150 -0.01439933432137615 -0.03317865006646794 -0.00628491655630518 -0.00056308299604846 
0.00933524864405071 -0.02467266310358494 -0.01774555914899033 -0.02397261112738494 0.01770396403508327 -0.00369110461733900 -0.01315318324604667 -0.03329995979573166 -0.00563948143332303 -0.01643692338618680 0.00736847773481873 -0.03833100496613190 0.01483966901975686 -0.00290512780038218 -0.00297490428828628 -0.02402404556081297 -0.01833253099897261 -0.03083802309140560 -0.01362357829107868 -0.00494732765054168 
-0.01409290086035525 0.03723184713807802 0.02543607784309984 0.03450053495810527 -0.02220431689733081 0.00474155710807375 0.01706668268060725 0.04787623802939352 0.00583093555579599 0.02410267444314644 -0.01375904918035140 0.05226525247522224 -0.02160980394910593 0.00516167753630040 -0.00049807893988718 0.03838451981477337 0.02685092921042771 0.04351788030480723 0.01124802234087142 0.00489615082728561 
-0.01313632134277496 0.02590063240248012 0.02079669283626420 0.02906659123768915 -0.02108149813971890 0.00052389682297925 0.01007143705129146 0.03603571650527221 0.00111560167359724 0.01427643865352545 -0.01786491689134222 0.03894716448490679 -0.02083196201697037 0.00506935954751396 0.00331633285772728 0.03145172148387624 0.02920885533796232 0.02829234192907312 0.01760180753338679 0.00874970702015975 
0.00172076731958355 -0.00994421960796983 -0.00410242286632979 -0.00938372823865889 0.00832135072326245 -0.00583945202384276 -0.00341200193868142 -0.00970738668807696 -0.00091523884895104 -0.00339971682033748 0.00444766775077799 -0.01614751361837006 0.01312036033289391 -0.00510137813475922 -0.00501988628346709 -0.01222424495507496 -0.01445073315607485 -0.00864813432017959 -0.00994753312536574 -0.00736583605287447 
0.00575581358136753 -0.05468570595117075 -0.01045626135443492 -0.02669613503710999 0.02559322241316819 -0.01227736184221364 -0.01924412489674881 -0.05944682067223765 -0.02216473850485819 -0.03210180862534051 0.00431597623286808 -0.05199938392267303 0.01362546059948679 -0.00011962811609042 0.00376441465382138 -0.03422073516042266 -0.02606709430822896 -0.05652358454257410 -0.00018529765339881 0.01183556855989632 
0.00282781496579374 0.00907034176311567 -0.00246878663490590 -0.00064979870847230 -0.00200049995308196 0.00275724187097362 0.00104204566778446 0.00379938480561023 0.00724094028588427 0.00178806636665774 0.00389137347863712 0.00050785811750262 0.00500086411416393 0.00030555271896668 -0.00404686349555088 -0.00414042896291229 -0.00665385441560161 0.00915130765764561 -0.00911149814711191 -0.00719659457434373 
